kougi,keikei,kaijo,keisisu,kokkei
経営学総論I,1,0,0,1
経営学総論II,1,0,0,1
企業と社会,2,0,0,0
経営管理論I,2,0,0,0
経営管理論II,2,0,0,0
経営戦略論,2,0,0,0
経営組織論,2,0,0,0
組織間関係論,2,0,0,0
現代企業論,2,0,0,0
イノベーションマネジメント論,2,0,0,0
経営史,2,0,0,0
人的資源管理論I,2,0,0,0
人的資源管理論II,2,0,0,0
現代コミュニケーション論,2,0,0,0
行動科学,2,0,0,0
グループ・ダイナミクス,2,0,0,0
産業社会学I,2,0,0,0
産業社会学II,2,0,0,0
人間科学I,2,0,0,0
人間科学II,2,0,0,0
環境マネジメント論,2,0,0,0
環境計画学,2,0,0,0
産業分析,2,0,0,0
産業組織論,2,0,2,0
簿記原理I,1,1,1,1
簿記原理II,1,1,1,1
会計学原理I,0,1,0,0
会計学原理II,0,1,0,0
制度会計論,0,2,0,0
会計監査論I,0,2,0,0
会計監査論II,0,2,0,0
公会計論I,0,2,0,0
公会計論II,0,2,0,0
税務会計論I,0,2,0,0
税務会計論II,0,2,0,0
戦略会計論,0,2,0,0
原価会計論,0,2,0,0
管理会計論I,0,1,0,0
管理会計論II,0,1,0,0
生態会計論I,0,2,0,0
生態会計論II,0,2,0,0
国民会計論I,0,2,0,0
国民会計論II,0,2,0,0
経営科学総論,0,0,1,0
ビジネス・エコノミクス,0,0,1,0
意思決定論,0,0,2,0
経営数学,0,0,2,0
生産システム論,0,0,2,0
オペレーションズ・リサーチI,0,0,2,0
オペレーションズ・リサーチII,0,0,2,0
データ解析論,0,0,2,0
経営情報論IA,0,0,1,0
経営情報論IIA,0,0,2,0
グループ思考システム論,0,0,2,0
マーケティング戦略論,0,0,2,0
消費者行動論,0,0,2,0
マーケティング・サイエンス,0,0,2,0
流通論,0,0,2,0
経営財務論,0,0,2,0
ファイナンシャルリスクマネジメント,0,0,2,0
証券市場論,0,0,2,0
ファイナンシャル・エコノミクス,0,0,2,0
情報システム論,0,0,2,0
ビジネスゲーム,0,0,2,0
インターネット・ビジネス・プランニング,0,0,2,0
国際経営論I,0,0,0,1
国際経営論II,0,0,0,2
国際人事管理論I,0,0,0,2
国際人事管理論II,0,0,0,2
国際マーケティング論I,0,0,0,2
国際マーケティング論II,0,0,0,2
グローバル・イノベーション・マネジメント論I,0,0,0,2
グローバル・イノベーション・マネジメント論II,0,0,0,2
国際会計論I,0,0,0,2
国際会計論II,0,0,0,2
国際財務論I,0,0,0,2
国際財務論II,0,0,0,2
比較経営論I,0,0,0,1
比較経営論II,0,0,0,2
比較経営史I,0,0,0,2
比較経営史II,0,0,0,2
比較金融制度論I,0,0,0,2
比較金融制度論II,0,0,0,2
国際コミュニケーション論,0,0,0,2
言語コミュニケーション論,0,0,0,2
比較社会文化論I,0,0,0,2
比較社会文化論II,0,0,0,2
比較技術経営論I,0,0,0,2
比較技術経営論II,0,0,0,2